468 494
378 402
109 495
23 26
186 227
79 300
53 393
53 267
203 311
205 312
154 328
176 349
366 438
20 309
30 235
157 207
69 455
337 416
266 383
151 480
27 473
177 397
224 453
12 436
297 434
4 261
17 147
312 351
354 412
56 354
77 261
159 391
306 351
134 159
41 324
17 469
48 422
368 411
171 260
271 426
206 231
148 421
29 245
281 452
165 167
27 322
129 314
7 180
146 406
230 252
15 332
369 453
12 120
331 465
117 389
1 12
319 403
110 453
425 480
161 320
256 266
82 83
123 172
145 291
411 436
41 337
72 228
327 411
145 304
147 441
114 307
128 158
182 451
180 499
179 488
139 193
155 359
59 431
77 391
82 173
77 396
13 400
140 294
69 205
227 434
131 174
138 425
285 323
334 380
241 306
126 449
17 346
63 416
312 396
143 258
4 304
20 463
12 123
225 353
350 399
245 333
267 410
156 406
83 457
94 434
130 474
373 455
420 476
208 282
138 471
169 245
236 498
428 449
275 471
88 226
73 261
73 277
298 313
144 286
171 350
343 359
42 53
125 188
49 311
190 339
76 86
177 486
49 85
496 498
74 150
246 307
459 476
172 478
297 372
323 350
274 354
418 462
180 497
38 169
96 472
19 190
77 85
51 372
335 462
225 304
42 368
305 338
234 457
114 365
152 278
139 483
307 314
355 413
70 134
109 406
141 322
154 454
206 301
47 463
132 174
465 496
106 199
61 275
96 470
152 279
254 434
288 389
365 378
384 399
235 267
216 431
179 345
479 484
366 423
157 464
295 426
363 369
35 404
12 262
66 191
269 414
113 226
52 290
28 90
196 405
430 452
406 480
56 292
37 425
32 404
308 369
437 461
211 247
182 251
4 98
89 496
107 435
326 410
309 385
227 448
376 432
369 435
8 167
187 372
208 209
233 253
275 287
66 144
205 298
70 442
369 408
171 214
98 132
378 490
158 271
69 287
364 454
8 240
13 158
142 437
17 54
93 336
200 372
354 400
50 225
425 460
316 367
80 419
198 304
318 347
168 279
176 214
189 284
198 259
11 360
32 251
23 192
173 184
64 486
271 311
55 58
227 492
154 377
100 264
263 330
74 458
1 184
31 466
225 484
397 404
414 467
8 410
143 158
367 419
105 433
264 357
9 311
49 287
87 447
97 107
0 472
158 168
30 246
116 323
1 419
52 467
265 350
62 339
116 260
218 254
227 334
272 279
279 490
326 491
177 188
17 437
105 172
196 247
4 259
287 487
138 255
194 449
258 379
37 447
58 61
13 413
414 465
81 206
56 150
380 440
138 235
41 441
122 254
70 99
139 481
9 383
104 222
225 255
27 251
72 184
89 194
156 176
157 380
97 342
105 137
131 196
338 494
233 480
230 399
298 456
377 432
88 493
181 373
474 487
111 342
303 498
253 388
422 492
24 480
156 220
443 468
225 270
43 347
296 324
63 295
125 429
74 290
147 493
17 481
87 134
64 406
111 369
162 403
369 470
66 180
98 251
210 402
273 457
174 175
55 476
165 241
48 481
359 429
21 50
229 363
105 316
187 399
184 208
236 375
21 298
259 395
50 202
53 297
20 191
73 452
398 454
270 312
29 32
193 252
41 214
68 189
181 456
272 334
43 60
359 432
261 269
32 365
199 365
468 472
79 221
357 484
122 313
91 420
110 210
322 381
197 233
76 352
230 470
197 472
284 301
119 341
293 472
31 310
287 385
114 318
105 317
13 24
128 372
130 408
149 432
167 263
135 389
13 220
318 329
294 346
208 419
118 243
13 91
240 247
358 361
133 345
237 370
442 460
165 399
244 451
116 171
159 306
253 296
145 363
388 419
299 358
178 436
70 230
32 213
253 320
188 401
275 341
277 455
155 418
105 121
182 315
343 453
54 68
432 440
7 23
131 318
129 206
253 347
192 404
76 161
26 222
222 393
113 116
264 475
78 404
216 239
44 385
177 316
90 391
336 459
341 448
38 137
62 153
102 417
52 372
20 32
288 407
1 202
58 82
83 386
34 203
480 488
10 329
70 150
213 282
274 435
281 307
46 55
238 337
280 314
292 390
379 427
166 422
399 473
2 292
121 234
294 463
195 381
306 326
65 96
177 208
142 453
180 361
70 148
84 339
294 438
136 334
61 337
27 458
413 492
386 488
95 303
10 450
349 484
90 126
172 322
428 475
202 338
113 253
88 151
126 367
136 195
440 451
169 360
243 366
145 480
255 300
201 309
80 158
436 469
449 488
390 467
203 411
37 206
140 400
91 483
17 277
275 379
108 489
224 312
296 441
252 322
36 198
53 304
222 254
74 309
469 475
67 177
184 464
407 466
41 292
198 311
290 351
19 51
260 270
113 404
118 440
161 421
81 339
340 358
191 467
137 358
172 249
225 275
320 366
14 427
195 247
159 485
75 93
104 463
20 310
107 225
92 423
343 387
66 497
132 354
247 432
78 296
154 397
91 404
74 147
0 114
445 470
149 191
122 491
36 302
35 81
283 368
55 127
205 358
460 476
23 348
89 417
189 273
66 339
35 307
248 249
86 209
293 456
23 263
400 461
248 499
166 378
340 379
247 463
321 468
9 220
20 409
5 173
115 445
240 445
258 446
42 229
337 345
105 337
312 462
205 240
63 205
423 478
256 397
214 464
85 170
186 413
209 263
59 272
219 417
15 308
94 114
226 311
263 423
192 288
119 451
95 455
64 383
291 395
6 373
478 499
286 367
27 344
140 178
22 306
112 440
155 453
94 215
183 371
228 359
309 369
165 318
166 446
338 483
57 428
261 432
122 186
136 199
296 450
4 62
295 394
200 231
95 146
145 449
7 378
58 495
100 402
121 459
98 329
109 492
193 363
70 405
108 275
425 441
92 475
366 392
252 326
64 223
165 175
12 249
238 339
232 423
310 451
61 364
49 173
137 259
314 381
17 471
123 341
56 266
116 497
25 134
36 235
82 318
146 287
99 267
59 303
63 469
198 377
214 342
323 385
86 220
70 259
129 491
26 413
134 233
189 384
335 377
16 158
278 454
18 217
77 310
253 346
2 126
167 382
86 280
107 267
240 475
205 454
101 471
262 354
181 387
206 443
17 358
329 410
49 283
36 287
31 428
173 276
63 77
176 278
0 292
51 341
106 341
83 425
422 470
66 161
168 402
176 465
91 450
280 396
327 416
139 145
99 161
49 357
247 374
206 250
48 464
140 393
221 258
82 211
212 441
72 91
85 144
23 28
371 477
97 406
378 399
136 327
59 286
307 395
8 128
178 231
154 395
236 256
259 477
239 369
199 271
52 462
54 243
212 389
172 341
102 225
47 408
139 206
375 454
286 366
128 310
473 491
93 327
171 298
173 481
282 354
43 474
68 260
83 141
224 231
128 357
337 372
13 432
356 422
192 358
0 289
176 449
192 385
126 212
143 317
206 235
202 433
62 440
300 313
202 351
116 208
67 344
135 301
202 420
346 404
352 364
96 161
108 436
117 242
282 423
304 315
400 418
131 373
322 435
57 83
127 389
253 367
329 484
172 290
5 431
150 193
159 330
306 442
6 131
28 437
21 115
313 341
147 409
152 233
55 158
28 492
35 95
194 341
108 347
324 349
204 459
53 404
316 334
281 448
265 437
161 375
112 177
27 380
96 117
332 385
233 271
218 317
243 284
362 399
232 437
163 227
301 397
347 439
230 494
156 442
368 473
42 311
4 456
356 486
150 358
126 227
2 15
27 41
132 410
63 266
103 370
251 443
13 25
108 109
48 433
433 484
25 453
39 280
69 242
358 396
31 199
97 99
195 443
179 498
463 499
52 259
5 275
16 317
76 269
188 321
207 257
97 149
214 468
350 438
27 59
301 477
333 355
272 481
64 182
130 438
195 364
294 471
228 268
38 351
162 359
270 392
19 150
114 333
377 405
371 396
382 451
80 197
104 273
304 365
266 401
67 467
96 419
7 44
17 37
245 329
51 173
70 235
45 257
62 131
231 459
70 181
82 139
261 357
120 476
232 381
8 383
8 424
21 392
174 300
391 442
97 289
294 382
357 454
171 275
47 76
163 265
22 34
98 353
71 219
150 285
20 404
409 459
264 438
230 418
234 385
90 154
90 316
9 472
267 480
414 418
17 499
100 127
149 329
174 499
150 357
7 357
9 297
50 467
428 482
303 480
156 464
336 495
71 345
256 415
130 418
335 352
351 364
99 111
287 406
150 237
126 273
298 302
62 109
128 189
97 439
337 422
9 367
313 327
186 298
417 484
47 381
94 431
27 99
152 174
99 428
60 340
34 192
321 462
235 239
173 380
253 312
88 410
213 440
97 181
304 492
73 135
46 444
58 313
283 474
20 498
305 324
221 268
217 282
64 367
357 480
29 418
103 259
240 350
26 129
146 384
242 414
251 346
14 364
366 471
62 189
23 267
80 452
38 389
24 489
216 349
180 467
160 291
143 211
26 451
304 326
62 281
117 156
315 378
129 447
391 437
90 359
157 338
114 254
115 207
97 142
219 470
317 320
89 159
386 469
412 469
42 222
174 189
302 460
6 53
276 401
14 28
395 441
269 403
200 277
201 458
32 496
258 385
371 426
82 213
72 295
84 415
145 231
191 308
109 473
36 398
77 133
136 279
374 426
196 203
81 160
232 418
216 492
89 171
34 48
221 425
84 333
76 250
64 343
10 389
45 87
273 296
112 258
28 395
80 214
278 396
291 496
126 157
118 267
152 464
36 196
303 416
164 387
307 384
197 331
25 205
257 367
225 495
82 486
31 137
180 410
199 326
179 212
38 241
421 462
352 454
242 335
238 330
390 424
329 430
3 24
273 389
244 272
177 444
40 339
254 492
165 192
55 346
17 80
111 285
22 308
111 155
367 474
46 50
397 456
303 361
210 386
409 468
100 277
45 117
18 36
241 466
69 134
39 123
44 419
74 77
330 482
356 439
329 363
193 271
81 138
291 297
324 394
106 440
5 393
253 284
411 434
181 449
266 418
328 482
279 379
206 249
349 394
386 457
194 441
229 467
290 343
146 220
269 384
38 65
184 238
145 310
222 233
45 442
112 419
33 87
127 139
265 348
9 113
338 484
462 497
19 483
321 381
404 470
117 164
145 433
285 437
29 33
192 319
56 187
14 148
137 427
223 289
19 231
34 316
446 492
193 260
10 449
76 197
129 130
170 447
264 387
267 368
360 390
303 366
93 341
297 404
93 196
275 495
11 155
110 443
48 82
203 435
55 284
317 377
100 451
34 286
291 369
214 346
249 381
493 497
74 453
193 261
110 331
339 399
17 371
191 268
22 433
461 464
307 449
206 273
141 438
332 372
78 300
243 335
246 350
110 406
245 304
132 460
26 398
141 212
306 344
425 485
182 383
163 415
80 273
45 327
33 346
141 335
1 215
76 495
72 245
283 293
117 422
291 393
154 367
161 492
290 481
299 388
172 490
285 438
49 290
181 229
45 296
305 375
120 327
358 428
77 165
47 301
53 385
139 329
55 115
41 280
117 262
137 145
93 465
100 341
232 363
293 441
109 464
6 493
146 478
209 374
21 69
431 494
70 299
346 374
132 160
48 181
12 196
298 338
250 412
40 355
395 467
147 447
48 432
134 317
331 346
439 485
309 491
246 254
94 298
153 310
33 406
24 370
228 466
334 367
291 429
116 392
112 428
15 267
60 224
267 285
11 435
243 280
19 236
161 280
46 264
60 337
99 435
240 449
49 220
11 115
111 358
11 113
24 419
232 472
25 243
120 229
46 155
154 365
114 123
301 469
124 386
277 436
13 484
22 457
157 307
321 397
44 286
187 451
95 182
47 73
340 429
338 371
40 396
131 471
124 389
268 398
3 335
221 255
389 494
98 328
215 481
63 93
49 206
77 299
387 389
48 404
220 384
357 392
28 133
62 461
8 321
354 361
119 280
458 468
166 395
151 250
65 219
130 482
186 432
309 428
32 337
183 481
15 385
99 304
219 357
369 475
16 301
258 304
130 392
209 258
59 257
80 477
10 476
21 311
79 448
74 325
18 93
107 146
104 315
170 317
72 114
322 343
83 283
212 489
246 318
64 251
447 492
276 370
186 403
42 362
7 460
65 326
256 275
281 390
30 274
72 209
147 445
252 311
189 358
356 393
68 480
400 498
183 325
233 450
143 387
222 237
7 393
290 384
187 383
119 222
86 199
302 319
152 192
137 467
50 301
239 340
123 231
186 372
2 150
335 472
1 369
93 101
187 328
201 437
12 318
24 453
25 73
72 129
299 488
126 255
372 414
219 300
400 450
85 456
433 444
108 334
63 160
88 134
136 444
365 494
224 392
126 202
46 284
379 440
269 402
13 424
374 398
10 137
229 234
196 386
8 442
361 381
133 422
132 172
46 366
242 347
368 486
102 347
190 447
32 247
285 427
35 319
110 293
156 495
245 266
13 105
463 473
21 111
149 295
184 302
28 425
117 479
28 484
367 478
71 378
92 336
82 416
105 489
208 252
163 268
183 211
362 439
169 467
293 466
65 296
158 229
93 133
8 60
116 493
192 395
40 391
209 336
211 425
238 257
316 372
44 456
138 279
236 312
138 421
202 460
400 480
221 405
250 450
116 332
57 73
327 440
38 227
46 394
240 373
59 119
183 274
138 400
128 350
12 439
153 189
386 478
77 407
299 457
22 65
201 479
146 463
351 354
110 325
264 498
87 273
5 404
10 89
28 177
57 448
242 499
108 140
365 409
420 479
196 212
131 427
204 424
159 186
16 214
120 467
68 76
81 279
197 420
277 343
22 381
325 453
220 293
310 379
423 499
104 480
85 277
12 288
329 476
37 419
87 140
98 374
280 451
42 320
8 232
198 292
205 297
208 479
280 304
126 459
376 492
348 490
46 172
277 410
345 436
450 486
93 467
4 300
136 365
82 219
125 487
266 463
37 395
90 269
135 386
315 390
197 453
66 362
35 362
207 323
27 42
220 254
55 170
173 235
103 320
405 485
423 466
143 189
223 367
225 473
19 246
23 476
218 270
249 261
429 441
331 441
441 486
300 318
8 24
141 305
34 276
181 338
250 404
207 245
215 305
234 455
221 234
14 357
240 317
89 243
351 455
69 180
53 156
299 335
57 298
287 317
214 320
224 248
199 440
82 356
26 471
169 415
10 320
316 495
274 453
318 354
102 217
335 437
153 205
160 332
314 352
187 454
67 75
262 311
395 458
191 490
357 432
320 343
29 160
21 484
197 437
1 410
49 109
120 377
81 407
15 240
200 284
266 475
160 211
364 496
184 215
321 419
285 431
203 231
460 472
153 306
258 366
82 164
181 347
16 269
69 471
102 275
263 451
129 154
132 192
198 263
159 433
87 321
174 227
26 106
214 368
147 248
22 489
332 359
210 404
179 394
41 377
191 328
179 291
364 365
40 295
124 131
284 450
116 278
125 437
100 425
62 332
94 423
47 247
28 51
140 378
285 391
84 311
135 221
116 476
227 256
41 206
151 493
89 228
174 400
187 325
351 409
96 310
18 251
172 215
210 351
2 362
271 286
26 394
251 460
33 464
9 374
330 458
46 415
189 212
126 490
208 315
184 487
43 117
336 342
242 434
156 331
157 249
247 270
138 394
75 116
157 469
2 18
99 337
245 342
77 109
138 487
278 367
26 342
33 256
298 307
171 323
118 135
267 292
279 423
95 223
126 495
104 487
151 359
78 479
268 445
136 377
47 196
158 411
101 280
195 423
28 394
204 317
6 70
391 429
64 274
198 465
40 460
247 364
53 100
235 449
121 248
219 493
371 378
38 409
232 282
254 455
277 398
134 469
174 240
198 427
54 322
282 335
336 400
83 369
193 389
44 157
238 341
66 343
80 258
264 408
158 316
13 359
160 356
10 206
170 239
12 315
56 229
221 374
55 134
330 367
51 157
162 417
189 355
249 462
93 255
74 268
317 325
326 419
168 311
0 257
96 125
101 218
178 337
30 201
45 94
254 292
179 474
103 493
84 183
473 479
182 336
218 277
175 362
21 436
65 80
179 427
280 454
168 198
328 472
186 260
208 478
193 211
75 124
38 486
141 248
119 472
64 319
174 233
176 391
221 293
178 244
116 484
325 489
164 385
313 390
375 417
63 267
48 390
223 459
295 322
274 327
29 186
209 418
177 499
383 498
0 191
68 321
159 247
222 499
44 215
185 439
120 157
341 416
241 259
116 384
345 453
0 334
29 74
65 344
122 413
411 417
68 122
287 389
67 227
141 413
4 48
4 286
101 357
134 270
414 480
3 202
431 492
77 317
37 184
22 425
178 480
208 355
182 284
282 362
87 279
214 219
18 228
252 399
269 355
47 85
57 115
95 111
81 115
352 493
35 367
412 433
109 469
173 369
373 396
415 426
60 142
120 356
86 290
237 292
136 238
389 397
96 389
170 334
175 364
90 467
361 383
332 493
327 445
187 318
300 429
70 305
213 364
356 395
59 183
418 423
213 458
92 478
43 377
242 250
72 437
2 392
58 175
45 490
188 445
55 216
98 407
24 38
203 336
125 246
31 174
208 298
17 59
65 159
13 274
110 120
57 148
108 498
63 235
189 239
9 103
147 149
259 317
62 445
6 97
102 191
186 268
241 273
136 262
56 340
87 166
246 454
277 478
210 213
239 288
143 338
130 313
14 258
18 455
132 494
162 334
190 390
273 343
172 230
169 385
58 238
300 360
418 464
310 402
44 492
203 470
77 440
120 423
124 305
283 467
283 449
133 384
233 243
35 112
271 473
106 209
276 297
250 307
134 219
182 377
423 439
181 381
53 430
223 290
65 289
9 470
110 254
114 235
303 315
48 219
190 377
57 327
188 398
100 162
118 402
88 204
202 415
3 427
186 441
10 214
167 412
182 237
401 428
315 450
241 324
121 384
124 183
97 305
187 466
78 307
200 332
15 283
319 490
218 351
206 359
217 312
66 404
141 346
446 452
183 249
113 394
28 42
62 317
79 244
95 431
389 432
129 137
53 142
145 354
269 318
111 307
272 364
106 387
185 254
83 152
267 366
122 395
2 337
7 421
236 452
30 290
12 103
198 393
107 410
455 497
64 153
438 490
215 456
42 282
180 220
282 331
401 481
109 434
412 456
267 392
161 299
98 297
46 221
146 262
65 371
91 407
151 405
115 266
46 262
146 208
274 393
50 182
214 263
406 458
17 372
313 415
86 276
70 290
111 349
275 403
134 182
189 392
100 114
10 239
67 163
92 173
114 447
200 328
75 377
51 458
21 398
88 455
108 403
121 173
11 465
9 167
41 448
366 390
359 395
63 191
166 253
169 443
198 370
120 485
110 435
214 425
58 237
139 325
203 294
441 489
166 293
294 474
101 401
129 409
85 421
367 369
54 431
248 429
141 444
44 126
32 385
119 384
249 478
158 201
178 403
205 239
230 311
235 327
52 479
342 452
157 384
9 246
213 470
217 257
4 222
288 316
285 436
82 359
31 455
45 457
83 406
24 211
229 249
288 355
103 292
53 284
182 305
125 497
187 484
222 406
323 326
386 453
105 290
385 434
379 470
103 428
428 459
28 424
312 430
252 347
209 278
96 116
38 254
334 488
17 421
104 244
251 399
240 353
34 391
50 462
37 420
317 348
180 192
19 344
313 404
247 282
106 118
83 184
272 488
268 381
127 443
217 302
30 334
313 442
262 401
77 372
282 302
48 194
307 323
292 317
202 405
45 482
68 131
239 305
204 440
81 317
311 499
236 372
15 297
229 290
102 470
30 370
148 431
78 126
147 210
65 310
163 335
261 402
132 211
73 250
130 348
55 144
12 34
13 326
212 310
388 410
111 326
74 94
297 354
213 223
5 303
195 410
61 493
169 287
76 126
15 266
310 400
28 47
60 285
230 276
8 371
103 272
186 398
15 271
32 379
200 250
81 309
399 445
32 305
106 185
6 182
170 417
45 454
250 362
107 418
112 452
133 386
60 386
11 439
275 401
169 275
143 391
220 454
286 461
182 416
394 450
64 224
62 267
275 398
33 192
290 495
426 491
373 415
148 297
236 423
331 410
27 143
152 468
68 433
82 108
54 459
315 484
136 494
366 417
399 484
182 310
21 432
134 496
406 455
13 63
24 97
94 334
0 408
341 345
65 392
157 262
38 51
305 341
68 115
228 382
14 141
73 497
208 338
95 475
244 484
277 386
337 410
79 104
236 385
2 163
88 150
28 487
65 174
39 408
13 374
266 488
318 343
144 344
340 401
66 378
57 324
264 427
136 345
184 380
317 470
14 492
301 351
381 387
95 350
390 408
147 192
126 318
53 101
34 280
363 386
48 409
27 442
98 317
351 361
350 498
109 435
43 236
139 488
464 482
93 328
246 342
113 431
265 354
133 317
220 469
400 437
114 284
482 483
130 139
255 479
13 117
88 466
223 282
98 349
112 131
83 391
283 379
331 489
227 493
219 441
101 298
10 301
44 231
28 452
126 260
0 43
218 374
350 436
4 39
112 340
67 237
174 253
14 121
430 456
253 478
54 191
283 459
157 176
77 452
88 356
92 453
208 225
100 193
103 317
203 384
247 341
340 367
153 200
77 491
103 492
229 380
213 334
190 410
187 368
367 373
80 493
207 244
312 429
180 365
88 122
444 482
18 431
238 376
107 260
137 325
89 362
140 371
435 495
222 275
167 252
146 273
61 74
139 357
6 146
71 232
4 91
203 254
183 292
69 341
83 92
89 477
156 332
343 401
180 375
12 57
365 450
229 246
265 286
0 368
232 356
206 299
119 313
38 297
43 442
247 413
30 403
16 248
280 483
280 393
17 135
114 304
107 215
27 312
120 391
328 364
317 465
396 483
198 436
140 247
114 457
158 300
121 210
93 218
306 327
133 227
137 418
114 200
270 339
182 281
97 370
84 471
103 279
188 290
149 267
220 366
171 474
221 383
325 463
88 246
480 490
46 307
233 467
140 487
354 377
58 131
13 412
72 82
84 349
209 361
419 468
172 347
194 222
229 452
81 472
4 386
93 476
24 324
247 279
285 287
271 308
101 110
237 460
17 149
259 413
252 463
2 269
50 146
419 470
421 467
332 334
97 327
461 493
60 178
163 340
191 494
36 335
71 414
74 361
90 443
83 380
308 472
151 196
164 441
28 164
265 273
107 472
338 366
63 228
129 404
236 479
5 141
360 388
79 220
34 234
336 406
45 430
84 381
207 347
82 133
64 402
265 474
229 366
62 379
389 422
32 362
111 264
88 320
353 472
225 404
349 453
419 422
188 197
203 492
200 280
203 251
140 496
145 189
158 371
189 325
45 365
376 420
361 414
273 380
41 401
143 330
375 411
101 116
176 269
233 396
385 406
25 489
193 438
210 285
59 180
166 194
332 437
152 251
70 436
281 494
39 326
361 365
242 451
156 481
322 377
65 255
192 330
266 280
300 443
94 129
60 205
367 389
55 469
134 243
106 234
246 326
138 335
150 462
26 170
222 228
98 194
138 469
172 472
376 465
163 313
92 180
164 354
132 183
60 87
249 396
115 195
31 329
154 198
281 435
60 90
40 348
217 394
173 425
424 485
74 236
17 235
209 321
27 245
185 217
408 422
59 243
299 402
147 183
39 47
20 111
0 248
219 341
378 427
302 496
88 334
278 404
31 150
111 384
23 55
52 298
357 439
79 113
41 463
27 90
86 317
54 213
295 398
41 304
276 387
169 427
170 376
139 164
72 186
226 273
113 270
31 203
173 333
212 415
115 236
58 389
259 481
90 311
124 394
80 113
68 475
187 280
284 373
190 465
185 205
130 420
234 304
132 228
53 132
97 301
225 391
55 85
284 442
224 267
355 439
20 391
139 265
242 268
128 204
48 495
269 310
148 376
338 346
164 217
353 466
316 345
143 215
199 238
201 417
403 469
128 146
86 310
331 412
40 60
67 437
139 319
164 404
466 484
49 353
99 485
81 409
0 146
8 308
61 231
228 379
316 332
217 368
23 158
107 205
2 456
345 418
48 275
137 346
20 114
143 244
355 417
194 281
445 476
93 412
27 195
47 491
304 411
379 443
39 241
21 459
234 411
26 292
318 442
394 447
183 195
244 396
185 422
358 470
197 294
61 489
65 150
153 259
20 189
160 201
172 358
405 476
177 428
182 499
195 398
219 392
94 417
407 424
128 214
144 222
87 348
423 464
95 426
15 488
16 229
103 344
174 483
194 414
165 410
415 443
112 243
450 487
146 322
112 375
306 383
39 201
217 255
69 359
256 485
29 214
393 482
179 464
389 475
54 57
363 451
7 425
31 194
242 459
37 496
143 348
26 244
338 474
71 233
165 248
76 354
172 420
254 301
348 384
181 482
250 472
160 487
80 259
10 114
373 439
406 423
250 386
392 490
60 121
233 399
55 262
221 287
341 397
134 319
228 367
187 298
73 422
53 194
203 236
269 325
411 470
25 174
43 454
3 405
118 189
228 342
126 399
102 303
144 460
223 312
61 300
55 56
128 295
193 375
163 269
108 136
284 449
373 491
140 350
194 463
61 471
158 454
0 17
137 162
114 138
177 217
125 438
57 337
305 391
278 495
52 361
65 202
42 204
259 423
16 309
396 473
167 389
54 242
212 273
97 466
444 453
94 137
70 394
35 262
41 252
57 417
416 428
244 300
29 185
253 474
132 261
191 373
134 383
155 403
199 335
9 24
336 423
85 106
228 347
20 220
158 448
74 314
480 481
154 497
359 378
161 281
242 488
150 378
341 487
322 494
187 444
131 332
53 189
403 460
323 383
376 498
129 319
3 94
196 469
399 451
123 286
18 489
154 366
225 338
102 317
16 39
175 423
127 433
15 411
300 312
65 117
308 423
362 363
129 353
285 341
253 286
39 392
45 49
88 364
132 493
75 109
12 466
28 237
76 120
217 364
124 230
54 396
130 230
254 387
35 332
24 292
253 414
279 302
146 403
264 381
332 344
35 162
446 497
210 214
220 354
109 170
9 32
8 268
323 376
99 434
39 115
180 464
119 387
164 260
180 397
85 90
361 455
84 185
8 83
194 208
178 479
106 412
15 416
117 396
168 193
345 346
60 233
202 428
3 494
193 206
61 478
23 311
10 165
51 423
229 260
80 151
100 476
242 305
66 217
356 429
416 427
19 264
52 203
267 484
187 443
18 75
146 402
227 323
120 220
258 318
463 487
448 472
285 478
114 300
87 435
353 439
11 245
21 29
67 245
182 374
169 209
246 277
162 390
71 468
36 313
247 249
399 464
2 298
258 329
187 336
24 381
228 233
114 490
106 346
165 416
73 207
26 463
119 235
266 282
26 231
41 110
195 445
82 238
388 496
175 436
125 418
1 122
245 411
105 118
130 164
383 418
85 397
60 283
451 477
276 361
40 130
143 225
308 355
153 204
63 457
121 388
52 165
130 308
58 205
13 232
36 314
187 493
15 181
195 498
370 402
326 391
451 476
91 381
146 298
219 452
46 69
370 462
370 422
344 381
101 489
135 381
385 418
132 355
39 210
102 320
84 220
207 376
78 137
67 108
259 271
24 356
152 366
151 341
18 200
55 95
56 185
27 139
74 377
227 266
41 185
10 60
177 378
4 114
12 169
1 321
0 492
74 265
460 482
81 245
82 392
341 413
242 326
260 300
380 477
132 474
97 458
244 454
115 371
88 329
345 399
158 461
187 296
169 300
293 349
387 468
240 242
20 320
451 466
300 486
364 424
159 278
260 285
72 259
127 317
276 278
73 480
21 239
281 387
118 274
156 261
29 327
228 245
53 389
180 424
294 466
178 463
297 407
388 436
168 322
0 182
88 166
185 194
200 382
24 133
22 379
283 471
47 54
41 125
161 488
104 387
24 474
235 434
270 301
65 320
248 389
59 370
5 267
74 264
328 409
66 238
28 210
262 269
121 291
6 437
296 449
374 450
405 475
342 376
60 109
241 257
100 342
367 390
161 345
0 304
221 261
183 347
156 483
260 433
20 134
106 261
230 283
64 165
37 141
40 248
15 42
64 67
345 368
150 224
109 292
48 152
73 348
4 70
230 485
66 189
162 368
80 426
16 113
36 375
65 248
327 394
73 463
246 389
201 231
3 279
179 412
166 486
39 323
40 117
158 253
58 497
249 339
212 350
82 472
2 114
307 382
112 202
55 432
19 371
50 73
105 393
68 465
234 319
306 469
55 413
363 391
56 437
103 280
114 416
33 382
81 480
126 360
146 202
107 303
173 486
209 334
246 325
107 187
175 485
154 443
185 428
126 453
27 466
85 203
122 391
340 475
275 412
357 384
273 423
154 342
40 382
96 215
307 320
10 119
167 242
30 384
42 179
86 125
42 474
154 268
139 400
153 220
280 433
186 402
213 480
157 319
284 479
31 372
288 437
360 469
100 345
9 371
119 150
118 195
366 378
200 292
92 310
29 93
32 167
52 362
407 471
257 491
150 483
10 204
175 242
332 363
123 269
188 261
16 283
41 449
93 150
86 445
342 426
415 425
241 321
325 448
96 131
252 388
203 299
91 172
280 457
86 410
62 304
64 175
185 367
112 231
140 379
196 451
163 233
246 337
255 286
331 381
275 299
24 435
115 154
186 207
20 205
304 486
283 465
85 357
237 301
103 438
48 488
412 429
121 360
180 364
189 280
111 419
152 466
83 317
119 305
72 165
432 491
170 182
347 431
329 468
100 420
27 280
207 320
240 260
209 274
141 374
134 195
286 378
66 325
51 150
106 418
306 414
59 467
126 463
128 347
243 341
142 449
78 432
214 299
92 185
37 266
53 300
2 116
307 400
94 363
303 432
48 393
117 160
188 392
39 375
48 313
217 313
37 189
202 237
98 127
72 248
10 485
286 304
178 329
56 279
367 440
204 376
306 463
179 286
12 235
24 317
325 334
90 330
186 246
211 224
29 38
386 435
264 392
172 281
337 486
12 323
33 397
79 180
83 490
16 292
195 446
430 492
95 202
223 427
164 196
379 461
340 342
118 496
110 399
43 467
196 268
29 257
323 352
36 296
166 439
135 243
164 283
80 156
412 473
159 197
118 484
2 463
182 208
91 454
50 258
172 294
179 309
333 459
2 301
144 315
45 256
5 129
137 288
43 414
396 474
189 249
54 230
290 485
48 186
319 476
115 318
59 269
151 474
71 95
272 475
251 391
132 150
211 317
421 475
243 488
137 416
77 258
49 426
32 249
42 165
82 370
230 258
86 263
83 223
229 296
172 342
25 97
186 375
26 127
149 369
213 393
142 231
84 334
324 431
28 149
11 59
28 170
197 464
95 160
10 283
217 278
157 285
237 476
254 376
153 228
172 467
85 233
39 134
79 129
198 355
434 497
32 160
156 401
167 226
150 262
217 270
93 427
121 351
254 449
324 391
153 244
387 457
242 325
198 485
10 290
25 83
81 466
113 331
170 324
192 339
30 442
210 262
193 478
205 439
71 152
136 139
65 112
224 289
194 371
119 430
93 162
109 413
2 299
79 407
52 66
125 129
113 233
168 372
273 396
240 361
92 434
198 298
190 272
76 300
110 163
242 366
295 400
113 267
114 486
367 467
205 244
11 282
16 38
237 489
23 118
207 286
104 320
95 273
326 440
380 382
166 376
73 86
442 455
46 175
195 460
36 481
44 271
33 345
358 478
298 380
144 276
135 476
416 446
97 434
28 472
56 304
6 434
123 267
10 373
92 151
54 297
17 68
280 380
223 432
253 261
269 377
7 240
70 145
153 334
20 218
273 365
397 434
335 362
50 423
142 239
267 310
452 495
59 191
359 397
222 380
272 284
227 291
45 476
263 444
240 428
57 185
198 257
7 39
138 299
89 205
342 465
63 275
20 437
47 334
87 263
354 383
107 186
381 430
177 284
448 452
41 410
94 344
119 373
112 448
192 469
109 344
59 82
192 457
361 386
167 467
54 223
165 273
127 492
198 446
181 428
313 418
124 350
168 237
3 471
117 316
3 58
187 401
69 228
302 356
144 479
201 350
41 55
75 191
193 218
84 122
66 229
191 383
307 351
227 247
62 135
134 329
224 261
66 208
112 494
97 106
209 254
213 460
260 431
138 288
51 467
145 340
15 439
398 444
69 189
221 368
90 200
91 307
182 474
105 492
220 228
208 372
133 461
375 448
178 295
165 430
280 308
347 447
280 306
177 339
75 130
260 277
134 455
173 201
191 466
302 321
2 343
166 272
164 174
110 449
48 65
56 217
194 323
243 374
394 446
171 263
113 325
53 343
258 316
194 451
182 207
249 341
4 138
337 430
301 319
160 175
95 172
303 405
320 345
196 314
148 223
158 221
66 97
315 397
155 220
227 229
174 252
137 284
0 196
420 428
135 357
60 339
187 251
100 143
233 353
224 226
182 321
138 442
260 296
24 248
355 484
77 300
233 315
289 421
111 446
102 436
24 122
9 260
344 488
36 241
207 309
20 461
37 84
26 488
22 132
141 398
116 133
53 243
53 338
132 300
402 428
243 346
120 266
257 419
248 419
287 431
86 121
114 265
49 377
291 303
50 191
297 352
84 186
128 378
22 420
36 42
237 247
238 477
163 171
176 215
154 414
394 428
228 451
182 468
47 299
22 80
348 497
40 253
112 320
147 286
46 350
25 234
31 354
131 193
124 496
177 272
29 131
57 91
203 452
42 391
126 427
124 316
144 299
57 462
9 487
115 167
19 178
11 424
407 435
85 484
23 340
292 428
248 276
251 389
252 257
101 269
95 355
150 328
79 151
204 415
55 308
181 433
147 496
4 455
314 398
254 407
83 253
84 436
42 389
37 203
52 214
15 338
224 455
319 356
121 382
242 430
64 396
183 442
63 404
102 396
142 180
112 441
0 438
335 349
322 448
160 459
22 485
277 435
218 461
186 434
104 401
98 200
214 474
286 384
404 487
89 415
201 436
128 472
92 192
8 108
204 469
13 170
276 384
253 372
31 252
113 420
13 301
419 430
135 415
314 336
365 446
16 401
303 442
55 377
69 470
332 466
458 473
35 94
223 387
214 384
259 339
74 140
83 112
301 396
2 152
258 405
368 388
36 128
402 407
317 422
77 291
131 408
156 178
107 266
62 86
67 286
251 410
9 31
244 304
62 446
116 124
169 466
268 323
8 157
379 435
13 169
295 474
141 264
43 359
277 442
261 446
73 487
293 344
10 465
160 198
22 394
2 458
192 329
10 333
105 462
48 383
27 371
133 415
136 413
185 461
370 431
99 463
37 131
21 196
104 368
323 388
187 422
243 439
58 206
11 359
6 93
249 362
64 425
206 490
108 398
404 416
127 392
103 433
128 129
134 490
206 241
61 114
370 428
70 414
229 437
303 331
8 358
22 332
109 373
299 429
88 245
249 419
154 155
258 496
441 459
342 412
260 421
408 455
345 403
195 344
319 408
285 461
115 172
127 228
230 247
204 332
97 420
96 126
121 443
262 456
133 380
1 124
108 362
125 402
253 400
241 252
282 485
87 269
175 273
116 449
246 357
64 254
88 183
127 463
438 488
4 441
249 259
449 450
157 411
394 467
306 358
369 492
321 350
84 498
36 488
152 498
253 332
20 278
46 303
222 271
11 25
187 241
152 256
297 445
41 485
150 455
124 164
76 422
274 343
204 345
183 235
19 325
135 494
30 48
321 394
95 307
97 425
206 308
339 439
288 467
35 487
57 223
291 431
55 278
238 448
176 210
63 75
158 455
296 493
305 344
385 480
71 156
125 412
209 331
228 232
418 496
69 344
300 421
19 278
31 493
48 190
94 197
113 314
94 341
140 460
342 409
82 185
119 219
77 408
63 206
304 467
102 104
400 441
180 355
332 392
65 429
287 468
247 326
260 326
184 412
40 205
103 408
51 441
29 154
127 467
398 400
25 292
158 188
331 350
291 428
78 329
317 442
64 159
191 402
10 26
173 411
120 280
140 147
28 58
111 153
95 338
67 411
28 481
14 256
363 447
119 124
48 254
62 354
58 250
72 438
9 63
84 465
63 490
119 144
252 289
75 91
411 493
37 295
108 341
82 176
17 117
42 423
27 162
419 459
83 430
66 499
115 379
290 488
121 262
307 370
10 247
9 289
218 447
356 460
17 313
48 479
327 415
7 306
270 442
251 409
60 496
95 347
196 457
178 311
390 499
449 487
190 248
80 119
51 83
325 382
79 119
75 447
48 167
258 268
334 365
168 412
147 223
76 214
27 430
261 433
321 402
176 401
334 366
356 414
35 68
0 109
109 185
199 345
20 165
20 373
116 382
164 415
42 372
389 434
181 259
135 428
90 471
107 119
340 403
164 399
17 108
39 293
150 337
329 372
190 442
2 165
150 154
13 498
63 277
185 293
77 320
257 350
325 435
66 172
54 106
74 79
210 429
257 342
263 461
137 164
443 451
131 241
308 309
18 325
326 386
350 421
204 276
26 56
163 413
160 453
241 404
334 429
171 247
6 494
269 332
137 495
79 327
210 254
25 82
17 273
301 429
60 226
278 381
106 267
149 400
390 473
326 403
214 379
268 376
139 349
230 376
320 394
272 355
429 479
68 412
27 256
232 398
181 321
247 436
114 376
345 409
119 359
248 379
78 303
87 496
202 497
24 295
53 353
116 374
9 341
368 391
24 35
251 353
42 482
50 496
382 422
155 401
60 276
287 451
333 426
448 486
322 471
276 358
286 497
41 392
94 210
19 356
84 279
413 477
188 317
74 297
292 440
22 389
179 207
138 453
288 315
108 197
3 181
223 497
146 320
157 414
379 408
403 445
40 152
313 449
343 457
48 119
349 475
273 294
54 420
96 491
13 49
70 363
64 317
337 408
85 270
311 322
99 246
170 372
248 340
175 311
171 186
361 490
121 365
196 223
99 259
136 198
339 470
199 203
87 472
176 327
283 347
180 181
113 406
217 351
98 203
295 388
30 383
304 437
118 405
28 280
177 456
179 215
143 456
13 261
260 488
208 377
56 307
109 261
73 270
234 254
269 401
324 481
58 307
7 30
58 178
44 185
63 108
2 131
420 426
252 262
207 221
171 301
131 173
317 476
31 362
116 244
285 321
174 384
129 295
230 431
78 255
340 453
231 367
378 380
28 166
210 305
297 340
342 445
267 420
188 433
164 340
143 418
93 99
83 181
7 487
70 81
264 378
245 404
120 136
194 225
251 476
49 74
199 251
172 484
140 354
28 66
228 293
37 362
3 204
3 164
210 317
154 294
141 258
38 147
237 465
161 232
41 259
184 471
128 149
98 145
68 442
79 340
251 392
14 191
331 333
143 301
193 376
133 232
217 377
135 474
312 376
30 89
63 271
11 449
344 456
65 478
121 414
122 369
292 496
41 257
157 169
273 439
73 481
266 426
100 328
176 479
223 278
53 208
140 446
200 282
284 303
148 413
209 256
401 456
358 381
67 481
96 158
124 128
269 324
190 311
85 190
41 349
226 356
346 461
150 176
72 110
48 386
19 435
203 438
252 301
97 482
208 466
197 249
364 477
180 234
384 471
64 415
66 293
79 311
63 94
72 269
345 419
108 252
2 53
14 310
202 374
26 480
138 155
280 383
178 470
377 406
94 269
342 410
143 276
279 386
1 463
417 464
66 74
48 357
182 298
69 130
217 327
62 479
104 118
163 447
112 347
184 473
194 334
126 176
162 428
398 481
5 433
153 248
10 37
52 152
165 435
131 230
73 238
83 110
324 477
4 340
101 242
90 134
66 486
72 122
93 401
304 478
454 479
78 415
259 484
353 424
114 237
260 366
11 199
129 277
35 400
408 499
256 293
180 231
316 490
9 424
12 49
379 399
58 419
5 53
198 352
94 141
16 197
189 195
237 399
28 371
191 285
8 190
279 497
230 329
77 231
32 484
122 328
194 298
298 358
360 439
376 383
26 282
46 499
348 365
489 494
53 201
12 430
224 467
257 389
230 298
110 142
288 433
63 367
115 264
158 297
124 224
145 385
120 299
71 153
407 497
217 326
400 453
5 369
168 398
20 113
197 442
348 428
380 492
161 313
134 371
215 217
179 327
233 299
265 372
411 491
20 323
12 23
121 482
76 384
123 225
0 352
281 485
121 469
187 314
144 349
203 418
321 490
234 469
45 60
53 378
331 401
13 399
121 188
126 466
215 342
303 311
182 473
177 440
322 442
46 230
15 328
157 238
46 421
202 444
104 258
185 491
158 219
132 377
388 390
90 91
178 393
1 85
249 436
86 158
168 345
123 168
226 254
52 382
47 306
223 236
222 308
46 351
144 211
53 116
69 458
166 390
159 210
1 491
354 498
81 258
174 353
70 246
208 415
66 390
52 263
36 345
36 420
74 259
171 257
146 231
251 434
169 173
64 285
256 328
3 293
125 227
144 390
167 441
8 38
150 198
296 404
275 442
334 439
134 247
69 372
128 453
0 344
318 399
148 274
49 150
288 340
39 178
189 452
78 110
136 210
84 309
139 354
20 242
32 428
255 461
53 306
321 414
53 106
25 78
74 260
181 320
168 449
182 444
248 307
34 462
264 479
74 124
122 444
121 394
264 300
372 439
187 425
338 432
187 486
80 360
47 344
104 392
55 167
238 408
30 257
200 426
72 319
197 345
305 462
36 139
47 403
95 140
40 54
59 258
238 426
213 292
375 456
169 445
398 477
178 269
173 213
258 419
304 474
206 254
309 374
217 384
275 324
141 224
216 319
101 369
438 447
111 322
335 419
297 419
368 455
89 271
95 474
130 406
61 217
392 393
299 367
341 462
118 295
22 349
172 480
38 264
162 165
42 223
123 248
46 469
264 278
179 442
89 187
30 387
208 221
323 464
130 364
248 495
99 472
284 447
324 460
97 451
101 259
12 87
248 294
349 474
194 232
159 362
105 431
157 159
172 222
32 488
60 425
110 240
438 483
36 471
240 434
11 122
13 465
231 332
267 312
153 206
126 233
196 425
64 337
391 476
287 335
10 177
300 314
12 142
217 403
274 300
98 125
156 245
140 433
131 158
243 498
96 221
40 85
151 218
4 242
183 224
203 255
396 449
172 237
364 423
189 224
49 180
277 301
327 455
50 387
25 364
206 292
308 441
68 218
50 185
87 283
200 424
190 225
19 259
158 208
64 485
217 432
123 443
257 406
242 476
156 493
20 177
9 199
42 152
100 418
80 455
177 219
371 373
137 345
51 476
184 249
3 255
292 413
19 59
198 372
100 201
53 55
56 256
303 494
64 97
338 397
233 261
216 221
271 298
18 30
335 364
263 339
10 278
29 482
333 492
68 361
150 271
48 462
212 327
50 458
117 161
25 369
356 431
238 458
141 185
392 428
179 314
452 485
149 446
68 231
84 300
2 443
55 434
165 498
83 237
161 297
330 437
67 421
231 274
17 157
122 329
122 407
105 455
380 456
179 444
38 74
0 117
167 266
153 243
254 412
4 199
273 374
25 442
279 461
376 437
90 498
35 41
192 428
87 225
219 446
116 314
52 269
249 310
76 308
206 488
316 430
143 329
26 201
255 470
272 281
179 480
81 427
287 325
20 478
333 439
38 432
304 463
201 491
280 481
226 410
153 403
89 428
216 271
214 365
50 354
291 483
80 442
200 374
15 45
234 446
98 155
141 181
239 415
51 295
208 228
44 78
122 184
96 364
52 239
178 242
46 187
281 455
336 469
71 217
172 408
194 395
461 487
338 365
38 406
152 305
298 404
262 309
287 422
311 433
197 297
133 188
229 325
332 419
176 339
39 438
239 250
142 182
12 392
219 245
257 495
94 267
222 240
255 359
126 181
44 289
64 146
66 100
50 139
161 192
222 425
53 136
34 243
131 454
67 124
0 206
411 463
104 313
56 239
221 227
92 385
255 436
323 447
121 383
199 381
44 156
353 499
319 470
162 192
488 489
110 236
80 450
50 312
387 481
48 224
47 401
162 480
8 22
181 309
188 192
17 233
378 494
54 226
102 229
0 83
67 85
28 68
97 355
130 289
118 444
286 381
161 262
104 236
443 495
127 180
137 492
193 381
115 216
343 356
78 120
43 298
128 386
54 187
48 159
125 406
251 463
277 418
144 283
245 294
188 369
192 267
15 396
253 471
184 196
352 395
205 225
75 319
337 420
272 309
146 153
131 425
293 415
37 97
10 496
20 456
244 267
123 340
397 418
297 438
438 468
71 142
90 312
82 117
170 389
86 134
134 332
66 155
243 254
87 183
26 367
233 286
122 243
336 378
52 319
277 370
330 475
115 125
34 149
377 414
15 354
281 355
82 289
373 424
271 414
455 469
428 451
123 352
164 310
126 492
326 417
146 432
344 411
192 462
72 349
212 280
388 392
276 471
326 426
2 204
18 190
362 410
205 342
104 270
0 450
88 443
10 336
67 458
122 128
147 460
92 187
25 259
381 425
0 48
58 338
335 401
89 227
154 284
126 483
97 398
185 251
6 479
86 156
99 189
24 98
28 305
395 404
150 499
382 496
318 441
348 447
17 52
10 248
182 213
238 242
86 299
154 235
211 313
152 302
49 125
87 185
37 187
27 318
60 84
18 168
39 174
105 110
34 289
176 404
271 302
237 438
260 306
152 371
224 279
307 326
164 346
245 485
246 249
15 23
120 419
222 391
108 126
144 458
74 336
232 247
319 346
131 380
253 287
169 433
45 113
31 179
368 439
28 399
198 494
406 492
150 169
93 442
49 291
200 441
391 473
181 221
120 360
208 376
25 231
33 449
94 478
249 291
97 254
237 417
60 284
208 362
219 455
422 449
454 496
210 267
245 307
39 335
290 302
121 402
43 75
83 99
199 262
132 299
59 309
319 481
293 428
172 321
44 67
174 284
24 447
16 456
175 263
32 416
239 388
160 480
191 322
47 330
260 362
220 374
153 363
30 439
167 234
16 329
36 279
226 458
53 183
68 434
301 326
156 482
185 195
79 121
172 318
45 427
419 499
71 411
194 196
243 363
76 358
172 406
55 108
48 161
136 420
13 44
33 44
72 426
29 221
54 326
219 362
94 173
18 338
114 405
46 374
16 465
236 282
395 475
234 242
337 401
375 439
105 327
109 484
22 156
325 450
47 197
185 219
122 191
141 377
264 382
186 240
155 353
277 355
239 249
6 390
217 449
259 288
102 348
284 391
171 417
3 230
167 352
106 349
53 99
137 326
45 235
197 398
26 399
10 258
423 458
171 191
354 466
74 169
345 359
209 251
1 199
132 222
10 124
256 473
87 275
151 403
92 221
322 323
461 472
242 367
158 171
198 354
196 424
267 331
6 385
372 456
5 453
312 420
431 480
328 442
153 168
195 306
8 465
13 416
252 473
226 435
35 391
125 458
347 384
14 330
189 371
69 428
200 241
84 298
439 455
126 355
155 334
372 489
24 78
149 413
37 137
21 263
295 325
7 145
156 255
321 424
119 268
83 127
317 347
445 464
76 400
425 446
254 418
271 492
393 413
298 396
68 307
211 213
47 136
137 425
22 450
285 330
386 437
75 104
60 351
210 416
429 443
244 262
147 271
28 331
283 432
141 208
1 282
108 243
49 352
276 429
258 477
323 379
254 368
89 127
88 310
32 56
242 370
153 435
465 485
61 129
330 435
147 231
246 274
320 485
224 337
26 452
177 223
418 486
371 427
85 171
17 163
323 406
254 474
30 78
406 491
123 478
10 311
287 425
123 479
149 186
134 431
257 469
14 234
291 322
168 263
51 114
78 430
212 391
423 486
61 317
34 437
336 419
272 490
39 290
309 332
53 193
65 495
166 385
49 477
330 471
33 294
123 410
114 488
322 431
12 107
276 282
65 134
168 475
8 46
162 260
3 356
127 166
289 454
97 374
273 468
178 187
199 409
233 321
412 495
141 175
117 420
394 455
146 224
362 468
83 164
105 363
374 377
159 311
161 181
239 331
223 263
171 438
173 424
320 417
271 465
202 462
16 344
57 113
172 449
257 488
169 391
256 300
94 278
154 438
148 176
177 229
262 382
262 320
219 311
123 215
25 467
289 365
158 296
157 308
318 440
259 394
152 277
213 287
188 480
177 198
62 205
216 287
32 394
183 268
198 245
348 483
179 342
55 471
215 266
108 312
249 466
21 99
333 465
185 407
93 481
1 442
80 129
5 11
13 216
293 355
94 440
67 79
356 448
303 408
183 190
284 462
272 322
176 290
24 36
107 498
216 440
338 399
232 299
39 94
104 414
273 283
249 404
357 470
189 474
244 303
114 188
157 371
118 406
173 343
318 489
172 387
99 442
414 426
136 255
56 373
354 467
322 446
334 391
226 255
33 318
197 406
215 460
190 470
48 241
88 220
430 440
208 360
221 328
233 283
68 160
373 499
56 191
139 343
240 344
37 103
30 158
214 284
49 82
72 378
274 286
71 395
214 475
106 173
32 390
180 434
218 253
55 449
58 428
139 328
161 351
226 277
217 463
16 476
67 430
303 368
152 422
303 394
407 464
0 330
130 341
142 148
180 366
363 404
283 421
66 284
281 456
222 262
46 276
240 474
271 327
275 363
259 304
169 352
423 453
124 264
361 419
72 348
160 394
182 413
88 440
201 315
87 161
227 363
279 342
162 475
191 438
440 472
38 317
458 485
368 477
207 304
75 343
36 37
313 463
4 412
124 455
8 437
17 118
243 273
328 435
130 257
43 494
80 462
190 387
124 416
2 465
211 396
117 229
11 158
238 435
50 67
35 219
23 114
433 442
451 474
430 446
38 275
96 446
228 373
98 226
232 392
70 490
210 268
380 458
164 442
172 464
51 191
217 499
248 395
153 253
73 108
235 334
171 290
285 447
199 201
13 128
284 423
148 306
283 325
147 372
185 339
218 462
72 498
82 204
76 184
145 312
448 470
126 198
258 352
4 419
61 441
281 372
58 123
42 263
36 169
62 416
90 412
76 414
36 475
15 201
88 354
261 450
362 470
263 349
1 65
128 160
20 312
157 385
202 208
4 9
56 377
210 269
154 290
27 244
4 253
460 466
12 312
221 372
2 348
134 447
83 295
128 489
83 229
330 484
390 490
161 293
126 297
50 471
105 158
57 261
274 475
125 427
298 308
158 216
137 265
299 337
83 167
329 348
261 464
74 202
6 259
166 285
157 267
180 277
143 150
27 326
191 294
316 425
64 305
155 364
331 407
144 399
317 321
138 379
344 379
174 340
85 228
145 301
18 358
102 382
21 402
329 366
66 481
206 413
73 434
128 266
294 477
45 498
96 498
292 297
207 398
250 426
129 152
223 259
23 368
238 273
343 358
222 388
343 452
121 401
250 280
98 402
70 85
128 492
116 487
62 303
142 477
158 200
16 60
275 371
108 336
206 371
107 368
11 124
104 311
242 265
183 212
264 370
255 449
54 93
150 219
152 222
210 281
223 359
322 356
251 283
145 489
107 163
97 395
422 446
170 339
254 381
95 448
201 390
227 271
17 44
258 393
183 327
136 323
128 263
394 419
374 492
359 428
93 299
347 489
48 487
151 290
22 357
32 171
40 436
31 160
78 352
63 313
107 248
338 498
152 158
284 290
305 480
204 318
154 498
54 284
54 365
113 170
325 404
287 486
236 315
117 397
47 204
191 325
138 365
118 419
148 238
159 445
105 412
45 190
79 163
259 322
90 415
93 347
134 272
458 486
1 401
207 442
39 212
272 302
155 299
172 248
66 188
77 203
360 424
131 134
389 436
185 380
3 282
31 370
260 342
343 466
101 455
223 310
40 46
225 283
20 239
288 438
176 244
208 239
377 430
282 307
226 244
52 174
435 491
127 163
90 282
107 362
349 427
438 484
250 453
100 473
25 492
29 200
126 442
201 246
267 277
256 352
27 451
271 312
365 465
263 454
219 479
339 488
223 309
13 135
75 134
130 238
216 336
92 492
267 360
119 208
133 154
372 395
159 184
158 182
174 294
444 470
90 461
93 231
125 251
117 217
214 230
234 429
240 278
36 289
296 471
27 173
44 141
15 132
127 246
237 493
125 452
166 430
360 389
17 310
86 150
101 287
97 263
158 428
174 190
106 311
74 232
0 419
26 425
180 358
72 407
1 22
33 355
145 375
215 413
115 369
168 328
92 247
173 254
90 362
331 462
320 495
314 443
122 317
26 424
13 430
179 487
288 337
418 433
9 99
247 466
56 271
159 253
193 466
200 476
75 324
91 132
45 108
200 380
117 343
212 263
147 387
372 376
23 390
204 417
221 241
23 465
253 273
191 367
330 434
219 234
1 478
321 383
424 427
328 448
35 365
396 410
100 495
450 474
349 397
90 104
33 158
266 430
267 284
222 432
366 431
390 441
289 425
29 177
359 444
11 96
393 410
190 192
182 498
287 421
119 335
325 359
122 300
7 351
374 470
172 292
329 356
19 224
27 310
152 397
74 98
289 414
100 453
124 176
55 427
229 498
125 250
123 260
37 386
124 313
197 348
69 355
391 470
391 392
201 447
191 484
401 469
50 340
410 444
45 426
157 349
65 487
100 493
174 487
353 453
204 322
179 281
350 454
2 113
203 375
32 34
50 324
98 223
93 305
220 275
213 476
89 241
324 367
324 461
380 455
15 102
22 240
13 80
56 261
182 255
138 351
105 479
63 216
126 335
206 436
405 471
191 481
152 499
209 497
155 259
30 190
89 378
61 418
19 436
94 174
0 359
203 233
122 144
446 473
427 428
276 366
75 168
319 498
121 277
372 488
143 172
413 447
395 455
254 392
99 478
104 299
203 434
132 286
160 298
98 445
244 419
262 442
252 499
110 422
78 306
329 495
13 167
76 413
185 389
378 466
73 371
164 360
76 252
100 442
250 273
331 387
220 233
89 152
21 424
9 453
46 188
2 22
58 116
156 437
294 298
414 498
78 433
50 447
359 369
47 423
119 480
187 264
189 257
374 466
211 423
40 463
109 379
30 452
175 389
217 224
270 333
225 411
311 354
284 389
71 302
213 445
245 335
68 290
168 314
138 222
349 481
115 366
137 287
217 344
24 118
31 231
284 362
31 412
327 357
260 400
5 73
321 415
56 392
30 216
28 454
288 386
136 177
120 350
183 248
25 273
35 422
17 106
55 452
354 420
432 461
102 343
262 479
288 368
121 395
133 484
277 338
34 64
20 364
49 452
270 471
203 246
5 290
11 324
213 485
245 486
177 423
119 458
32 217
114 448
280 305
157 162
122 420
236 279
99 165
115 486
245 328
289 308
57 312
155 202
283 383
346 464
335 476
0 391
245 254
141 359
12 348
116 418
175 228
209 286
89 446
35 448
0 396
137 232
115 352
242 313
100 115
65 439
365 477
398 459
10 482
4 275
117 314
270 295
345 353
195 278
144 376
188 275
249 455
78 229
336 439
294 476
343 403
336 366
38 271
342 356
76 203
250 363
99 349
320 460
68 306
298 394
158 352
85 99
126 135
209 358
415 454
46 490
361 489
211 275
259 381
268 471
373 490
9 310
256 333
247 261
98 487
308 463
91 209
177 277
140 473
332 339
292 366
241 347
142 300
84 119
232 458
14 334
24 148
1 412
39 66
318 462
260 358
96 194
380 386
407 498
209 401
121 430
8 279
12 171
90 223
400 474
223 315
175 341
57 161
465 499
190 493
76 88
108 186
13 76
18 160
13 435
303 332
380 423
260 497
64 216
86 352
367 385
279 406
27 264
76 243
318 327
373 450
166 365
171 187
19 20
154 289
183 355
129 281
226 451
374 491
265 346
322 482
210 223
214 426
4 427
44 323
379 407
96 410
217 459
145 389
140 167
226 476
215 439
62 187
222 297
313 443
72 311
56 286
207 498
42 64
228 429
240 448
277 279
161 493
255 339
163 307
29 323
27 145
24 311
192 479
182 326
125 401
140 317
88 124
230 243
162 350
255 494
86 381
121 128
104 451
62 255
147 220
90 310
14 156
14 398
0 307
243 380
151 273
193 279
153 330
69 229
278 479
331 436
388 423
215 499
269 441
13 463
189 398
167 377
2 74
59 356
184 224
225 317
167 391
12 20
218 395
249 282
222 366
58 391
124 266
140 179
49 465
48 247
110 494
27 360
38 477
33 336
242 464
70 212
11 254
235 399
266 311
54 208
248 267
134 308
10 385
9 159
39 497
329 497
37 294
228 261
414 437
127 151
453 487
401 485
80 298
33 280
18 460
71 499
225 459
241 452
104 193
48 217
62 145
188 423
164 229
296 445
120 493
145 482
398 488
3 336
10 85
99 309
36 422
341 381
261 264
8 435
456 497
102 210
80 363
97 207
98 385
64 499
188 475
196 331
289 460
104 470
388 449
463 479
44 440
208 263
45 170
73 427
184 286
41 450
85 104
33 399
5 223
112 261
1 15
278 389
477 483
133 270
78 171
178 267
61 189
151 472
291 331
182 265
22 92
324 479
60 135
207 440
141 198
199 217
341 479
8 69
20 360
116 254
195 436
76 277
377 425
23 183
279 284
49 343
131 475
295 421
61 150
53 411
39 309
121 181
267 486
149 422
43 224
256 448
215 345
42 158
172 238
112 152
143 470
155 445
19 400
29 222
244 283
309 417
17 420
339 444
357 490
245 423
5 443
216 428
80 362
71 390
210 446
276 398
153 209
253 473
35 464
172 346
133 266
116 237
345 415
89 269
63 209
28 326
76 229
83 105
52 63
106 161
211 371
325 399
82 249
77 184
0 258
273 395
79 161
51 124
59 199
266 469
378 444
202 219
75 304
256 421
24 431
223 245
196 250
445 449
259 283
380 452
268 309
462 466
273 416
82 363
102 130
190 209
287 440
15 313
295 486
251 396
215 496
158 335
344 423
36 256
294 417
5 321
188 210
269 411
299 405
39 132
120 392
78 242
34 78
94 324
86 475
16 453
165 426
200 325
349 408
345 373
220 236
3 302
4 64
135 479
49 234
235 364
459 491
78 269
261 302
102 480
240 334
257 376
62 420
290 486
378 442
266 387
252 410
16 28
88 117
169 417
140 191
48 178
213 462
98 198
103 192
85 428
340 421
81 280
3 177
39 368
101 261
9 53
51 133
157 417
33 234
414 493
260 490
5 194
203 285
47 258
189 293
104 442
171 440
171 478
84 434
229 499
80 280
135 466
136 302
192 371
480 484
63 167
119 202
75 183
397 436
74 158
6 353
73 444
200 422
419 497
64 384
50 282
196 489
258 331
63 314
426 440
130 451
76 228
409 430
146 297
32 164
45 238
130 347
229 463
214 494
112 492
57 378
196 411
121 422
45 75
79 150
107 446
282 447
246 270
365 447
4 13
73 494
212 493
201 229
35 99
3 64
65 459
63 379
408 454
426 444
39 96
107 196
119 435
74 313
205 416
148 227
86 470
169 362
123 392
55 453
93 411
62 417
308 381
213 243
122 143
77 306
66 184
367 443
312 459
275 429
95 389
203 359
141 291
7 223
244 266
354 488
299 407
490 493
186 296
339 405
410 431
307 429
137 142
115 490
119 204
117 425
131 374
33 442
280 378
11 170
262 491
87 467
304 473
120 496
187 270
407 410
109 245
248 362
367 407
333 372
145 436
139 306
185 318
211 479
126 298
173 331
83 405
29 76
77 134
115 143
28 290
394 415
420 465
181 446
23 62
173 379
38 247
215 252
79 399
210 415
241 418
210 421
395 477
101 202
289 394
227 243
145 356
188 428
180 403
44 463
40 356
28 246
261 477
168 250
112 256
61 76
133 487
79 307
96 295
12 379
17 360
161 259
103 160
239 407
277 334
336 477
4 389
93 292
3 185
39 429
141 482
455 475
279 307
253 405
261 431
113 479
105 442
6 362
22 479
72 116
208 324
23 137
142 385
158 232
221 335
117 127
32 274
98 207
463 488
174 386
50 165
17 174
208 353
327 351
230 465
75 292
335 467
42 184
448 484
86 392
8 342
100 379
275 377
219 329
176 217
67 84
174 207
244 325
32 281
80 124
412 497
155 228
124 184
121 294
74 384
233 389
123 460
127 210
67 375
193 410
284 453
384 492
464 494
120 126
287 413
214 332
34 320
361 393
97 216
86 275
73 398
351 479
55 331
199 389
377 396
112 203
14 315
53 272
165 211
64 479
8 422
30 310
245 422
121 202
53 444
42 247
59 450
51 269
95 165
18 411
206 274
329 454
322 373
243 416
178 299
443 496
14 482
5 417
207 453
19 258
112 156
357 467
115 394
129 367
73 111
4 387
178 301
258 440
177 393
119 372
339 457
165 296
21 51
209 380
17 380
83 236
267 437
17 284
153 266
111 302
80 218
49 310
406 440
411 461
106 368
291 457
379 410
89 99
0 234
123 470
286 288
85 319
271 454
71 86
3 212
56 352
242 368
166 216
72 152
125 313
80 215
133 208
314 442
33 484
157 237
293 498
19 139
206 474
251 253
150 491
361 391
208 319
282 497
225 281
338 481
296 298
188 441
16 340
318 385
48 322
197 421
40 133
103 130
269 458
251 403
94 109
407 426
157 473
96 355
68 494
298 331
32 369
283 394
175 361
249 321
117 288
48 367
30 49
134 389
296 329
257 457
125 164
152 225
166 306
245 255
256 332
132 275
390 451
253 481
348 479
270 344
315 454
339 494
337 398
105 125
230 362
182 406
227 369
74 256
169 349
217 279
325 476
205 470
333 497
181 300
103 431
16 382
97 261
142 475
137 176
141 465
201 386
230 493
167 282
107 433
111 340
39 166
249 353
20 161
215 296
56 165
77 158
6 399
132 146
180 481
317 346
46 446
134 400
313 452
338 430
11 66
66 288
271 334
117 237
365 437
134 457
279 319
71 416
159 427
49 242
150 381
22 397
69 389
16 427
166 172
125 291
269 273
77 82
46 254
117 390
165 424
291 329
323 378
117 249
141 314
147 333
83 499
9 443
147 276
200 398
139 473
114 161
85 151
154 464
197 384
168 178
60 106
237 280
62 288
134 156
306 410
13 234
198 210
17 244
330 395
202 411
30 463
176 471
207 343
178 263
57 97
127 456
224 360
145 202
313 387
103 267
50 60
97 366
116 366
487 498
10 359
89 155
365 467
153 417
17 195
37 188
18 486
201 476
146 367
220 393
12 251
43 336
31 418
353 442
366 408
279 390
235 282
147 382
116 457
233 317
214 435
166 420
22 317
460 467
79 168
143 210
55 98
130 473
119 464
54 65
198 320
91 385
25 202
127 447
161 394
339 481
7 353
102 186
363 374
93 457
2 279
152 257
87 138
291 349
417 420
173 236
129 414
135 407
277 417
143 489
270 410
60 182
54 445
329 367
32 302
150 236
363 415
380 443
162 356
23 104
267 453
283 287
211 462
29 259
320 490
108 118
170 218
78 161
444 477
455 472
283 453
349 414
326 353
332 355
30 202
25 223
90 426
111 316
398 479
54 219
312 460
285 339
254 319
276 310
18 274
81 157
145 443
184 254
25 423
47 485
358 417
393 438
93 368
361 411
231 369
317 451
126 437
157 459
96 196
103 151
158 332
156 185
19 452
415 475
250 282
142 292
175 398
263 374
360 491
426 497
333 438
322 485
162 433
143 273
161 476
105 485
284 426
54 497
187 370
266 372
60 100
61 179
145 275
120 312
302 470
11 458
199 247
3 53
34 89
162 408
14 324
210 448
348 352
208 409
81 97
394 408
32 189
451 456
45 301
79 373
247 457
349 454
80 185
203 298
248 366
295 422
97 135
51 398
81 321
187 246
0 372
447 482
232 396
370 419
9 46
132 157
42 336
189 327
119 465
215 429
112 392
184 371
43 380
227 485
35 432
6 286
196 240
393 449
57 364
67 471
419 464
320 376
111 425
0 282
282 337
43 163
159 340
284 333
107 166
346 390
156 296
148 159
116 120
231 417
33 155
38 414
100 230
32 371
213 363
202 288
132 434
240 489
269 473
315 317
24 226
0 246
41 85
201 446
33 139
250 398
334 378
151 326
133 314
96 124
248 254
219 363
317 457
426 454
299 450
234 367
31 344
92 122
84 204
112 350
235 368
274 376
362 482
140 264
228 360
309 353
298 483
207 301
47 218
113 227
366 485
83 381
449 451
271 490
14 321
179 398
214 244
213 312
124 247
125 469
106 339
184 311
173 175
29 356
102 306
281 303
302 491
418 485
15 316
145 452
352 483
286 415
152 401
283 468
78 141
117 417
46 75
50 309
185 455
187 344
295 314
7 431
303 464
8 16
222 317
167 300
135 339
70 367
139 490
39 331
439 470
229 421
215 307
157 167
121 387
254 373
44 354
191 495
9 173
12 301
192 300
116 207
383 408
246 300
16 133
38 386
230 491
51 498
294 320
165 249
211 227
369 380
3 216
401 488
12 474
47 244
281 449
366 409
33 402
205 372
138 176
12 258
251 470
195 217
125 290
233 333
366 443
90 389
203 464
153 496
78 409
36 483
255 267
92 389
216 267
128 156
180 293
294 410
364 497
132 260
88 258
306 375
34 474
12 219
22 407
81 151
190 256
301 335
146 464
32 265
83 424
231 479
213 356
21 145
182 322
234 444
383 446
12 273
306 399
32 127
251 393
3 90
193 319
91 357
264 323
130 314
45 222
273 400
411 448
187 465
153 298
33 211
72 292
159 465
114 266
24 437
143 312
154 185
123 134
40 260
266 424
1 55
183 422
177 187
190 460
391 405
275 480
32 178
52 449
39 490
195 303
73 177
208 267
322 350
204 462
29 437
116 169
3 323
253 435
212 323
88 289
18 417
199 374
315 447
115 337
15 43
12 158
102 307
96 372
141 458
104 285
146 475
305 353
0 149
123 131
272 470
92 435
171 362
136 336
251 452
32 228
148 304
50 113
232 492
179 361
254 352
243 394
117 325
140 171
45 262
20 327
183 220
346 371
225 264
337 363
407 472
161 284
36 291
37 251
59 390
384 452
71 116
416 431
339 498
21 334
22 250
13 342
232 375
262 431
40 210
368 497
320 384
18 395
133 233
25 192
144 194
189 397
109 256
164 197
431 482
85 178
91 207
133 160
114 170
105 202
274 377
276 313
78 182
357 436
215 236
45 346
136 351
158 307
147 343
124 125
32 87
341 391
120 460
73 442
102 282
429 453
244 490
214 290
167 258
45 224
272 469
111 112
344 351
141 150
114 314
66 473
129 201
113 146
109 481
161 264
102 359
237 244
54 391
19 76
2 38
73 132
258 296
177 178
135 197
451 452
14 253
177 249
194 379
146 416
398 415
81 389
147 256
387 402
112 435
243 468
268 453
88 110
52 137
189 227
262 327
264 470
33 248
164 299
15 206
252 434
16 271
106 137
291 417
40 376
264 460
224 463
85 187
165 481
284 440
227 289
140 212
40 338
98 108
146 379
57 409
132 204
157 213
432 452
284 349
207 341
27 132
74 282
163 328
243 465
142 373
135 470
81 244
60 230
271 315
271 497
347 397
66 319
181 339
0 62
151 158
296 352
27 144
390 471
341 406
275 432
397 458
292 485
220 296
113 454
103 476
106 114
63 152
54 428
59 418
253 327
274 436
163 379
269 476
18 270
8 434
60 481
153 214
123 403
112 449
87 117
184 301
287 490
60 227
141 232
91 288
366 375
51 89
349 416
343 478
160 285
374 446
486 494
312 397
411 438
81 357
62 484
27 406
141 424
24 391
64 242
201 287
70 346
73 281
132 458
165 174
316 453
19 467
89 224
77 355
381 471
109 403
99 100
186 442
292 487
130 133
308 427
391 483
51 282
77 475
12 201
103 389
118 241
145 343
18 269
19 111
57 445
355 457
73 310
330 426
151 400
123 441
360 473
78 283
50 449
106 441
206 476
236 329
219 228
377 404
308 316
188 215
108 295
278 424
161 429
149 374
38 350
49 225
11 63
127 292
357 487
98 369
317 370
194 311
458 491
335 353
98 448
421 478
27 331
57 85
130 321
12 427
414 449
99 276
46 424
142 303
228 394
275 301
199 433
229 294
221 373
97 159
394 477
187 227
250 408
168 324
11 454
29 98
71 227
60 153
147 415
361 473
255 403
318 492
191 403
158 420
136 308
150 216
296 338
29 115
418 439
334 335
49 137
198 438
443 455
235 423
349 432
5 476
166 249
251 272
18 67
0 245
79 452
63 198
380 494
61 122
359 457
44 309
268 357
346 425
183 259
7 132
70 84
280 316
11 84
353 366
66 77
128 370
323 433
160 234
71 193
331 476
362 443
178 398
469 491
47 70
165 454
67 305
37 193
148 252
195 346
14 173
414 442
58 181
62 214
418 431
134 473
22 223
38 339
142 458
173 294
174 365
121 169
9 84
34 447
47 64
223 384
267 425
120 226
162 467
1 290
7 496
3 465
270 298
294 341
163 388
89 365
195 391
78 488
108 377
122 304
88 266
272 320
278 343
305 442
19 335
87 498
305 330
178 450
269 351
282 365
45 188
135 344
30 483
70 215
91 468
340 366
207 482
12 220
211 353
180 411
0 364
103 410
384 449
189 313
137 463
50 310
7 417
64 82
241 382
32 393
317 365
99 350
271 274
43 374
437 459
282 479
178 243
126 274
395 463
174 303
109 463
317 464
82 366
165 331
241 315
134 302
63 422
20 361
30 321
109 308
123 223
302 498
170 290
110 451
164 247
99 196
352 402
165 434
31 343
299 477
378 418
20 166
25 334
104 246
46 232
384 476
155 482
175 446
7 253
203 346
28 142
428 499
270 482
44 443
462 488
176 287
393 453
214 235
209 248
98 307
111 243
24 389
146 361
167 177
163 345
122 136
153 157
100 364
176 307
152 372
38 413
150 265
43 143
18 193
169 498
30 285
245 300
367 466
269 345
260 439
139 159
192 424
149 477
128 329
393 439
125 498
31 184
281 404
212 431
168 175
154 309
215 254
249 399
220 284
369 486
359 499
240 311
130 233
1 298
483 489
254 498
227 437
441 484
65 87
154 261
126 380
327 496
151 256
223 288
376 454
159 282
253 402
58 184
220 481
210 306
90 463
225 300
66 314
136 441
195 431
290 369
62 295
102 352
60 313
296 458
41 360
46 414
25 408
139 178
43 481
102 134
91 106
183 218
144 321
220 444
178 434
329 453
101 309
18 104
303 424
60 237
414 462
198 248
42 480
350 371
113 352
246 293
341 400
9 292
387 422
140 384
138 492
166 411
36 113
332 361
291 394
260 413
361 376
40 290
447 457
474 491
284 323
264 307
307 366
263 455
89 451
343 481
35 457
26 177
338 488
437 450
61 73
172 326
242 277
84 114
20 337
260 420
342 476
59 146
233 269
266 335
149 247
136 311
375 450
144 278
419 488
138 241
127 404
198 334
470 490
7 285
76 168
0 337
167 427
205 309
50 180
311 425
126 310
44 446
155 377
143 398
88 304
165 387
119 375
269 281
100 250
430 470
307 494
4 336
351 460
216 463
259 464
256 469
35 468
238 329
0 311
81 266
221 326
7 455
333 457
91 253
45 127
172 367
74 463
93 363
228 291
249 460
111 365
439 449
327 451
282 491
441 457
155 229
88 172
42 381
5 253
157 447
53 365
50 220
16 160
110 167
226 249
48 96
362 403
123 419
174 409
192 345
317 341
319 480
7 397
82 453
104 476
248 447
166 396
306 449
90 247
164 479
43 210
484 489
406 462
213 253
36 268
140 386
318 324
328 353
126 230
32 52
77 205
165 341
102 239
358 438
16 450
71 205
289 428
147 280
263 266
38 450
57 252
32 406
318 456
200 308
13 291
196 274
73 459
132 210
164 450
281 360
48 208
85 380
214 245
379 463
162 242
177 420
110 262
87 258
87 187
304 332
130 264
18 351
291 338
150 488
43 219
195 387
26 347
293 403
98 288
117 304
62 499
35 444
19 239
69 441
105 458
237 307
134 331
212 311
123 404
369 443
162 449
62 293
29 447
59 168
148 390
248 473
224 436
72 197
250 433
195 467
196 254
279 362
64 232
54 430
104 158
273 303
220 269
67 383
104 429
60 201
296 409
172 418
344 497
79 166
151 190
41 309
366 386
53 206
227 440
376 406
229 480
102 423
301 430
5 225
33 278
113 468
215 333
70 411
91 431
242 490
52 166
298 414
135 387
343 432
141 153
225 460
6 12
43 318
228 408
182 421
103 129
230 275
33 241
296 489
140 424
63 343
163 223
33 143
374 423
239 281
317 438
67 478
29 354
79 398
103 392
205 387
254 353
350 476
97 436
311 337
86 130
89 106
112 247
78 167
400 493
403 454
114 462
162 317
84 364
172 356
316 408
77 364
4 214
287 303
460 488
32 300
104 449
350 351
378 475
216 253
180 493
64 241
207 252
148 394
67 492
167 185
3 410
239 496
244 350
40 234
296 399
51 222
280 285
39 49
347 354
210 318
35 308
116 234
8 133
170 304
56 66
188 324
64 144
75 184
67 449
76 200
57 137
75 329
125 481
170 252
13 148
63 165
25 378
184 468
147 337
133 219
72 279
415 449
61 154
172 202
328 440
479 495
179 443
139 151
250 276
187 254
465 497
284 319
121 139
180 429
15 216
153 317
79 173
111 328
168 366
396 408
125 231
198 206
2 184
138 475
203 371
100 124
150 160
79 360
168 471
55 162
90 182
46 90
276 481
344 486
134 269
118 238
166 473
184 231
356 383
303 478
126 482
54 159
102 453
34 356
69 253
235 455
193 491
305 453
60 241
58 269
14 39
234 395
352 370
341 415
5 389
263 367
290 451
278 469
34 489
92 109
133 252
247 351
132 462
57 333
282 384
180 227
142 273
114 388
86 111
92 476
39 41
330 375
156 192
31 131
204 293
384 415
92 465
4 466
220 456
170 180
306 384
268 299
270 276
59 434
231 499
172 373
235 290
180 331
161 332
84 437
88 239
213 320
145 149
362 430
38 490
178 437
258 464
32 57
406 427
107 479
17 449
392 456
200 212
88 311
344 352
232 470
166 207
382 444
24 434
351 373
346 409
181 376
55 499
58 70
156 410
194 212
11 76
214 292
170 247
262 266
275 290
192 206
16 146
21 95
132 203
352 488
7 164
189 323
39 322
201 223
134 339
151 238
330 495
158 226
71 425
178 185
34 417
54 394
186 443
201 475
86 259
123 401
60 217
220 318
246 339
52 350
170 174
10 91
125 444
207 418
29 330
284 338
232 323
174 423
254 472
78 216
363 496
28 147
256 454
27 236
100 101
102 253
238 449
249 258
47 114
383 445
247 327
13 328
161 244
36 236
47 259
370 390
75 467
56 442
194 471
181 364
195 304
333 449
50 321
99 347
142 472
43 120
12 268
58 371
297 449
50 299
267 413
30 289
196 209
10 445
137 313
3 134
176 323
170 192
83 340
82 406
3 143
121 426
11 256
81 180
73 140
101 393
167 346
319 374
267 363
10 73
21 54
56 295
396 413
176 356
211 381
127 437
189 202
259 454
194 241
57 479
59 476
165 257
16 97
142 209
26 472
21 213
368 433
146 359
1 263
75 160
20 357
258 285
27 147
353 360
119 127
281 460
137 468
297 417
93 436
283 463
205 351
20 62
311 454
273 331
155 203
32 190
347 495
304 436
100 176
127 141
301 342
29 234
24 348
148 468
271 494
58 79
56 119
14 78
97 346
216 449
23 98
149 379
3 292
115 397
202 235
80 303
339 430
30 474
76 267
76 331
212 244
147 252
337 435
419 475
183 233
339 370
35 77
467 484
106 180
132 199
188 485
246 419
171 203
290 386
118 329
195 390
74 299
234 342
400 466
76 262
149 339
249 330
105 289
300 457
123 253
73 436
291 379
299 413
152 488
81 286
79 343
370 445
106 386
31 247
313 456
360 496
169 203
171 180
216 289
271 346
49 117
253 392
169 496
24 477
192 250
15 448
240 321
88 350
453 469
349 476
57 360
86 214
44 391
101 408
189 308
18 136
77 272
108 450
292 402
23 117
234 389
193 415
104 198
269 321
207 361
16 119
29 312
47 134
147 443
42 466
217 331
203 237
234 393
66 224
213 258
4 194
5 298
12 313
13 421
1 403
3 98
184 421
373 381
64 404
116 336
190 359
7 168
412 413
192 247
160 185
440 480
85 383
179 475
361 459
20 137
69 362
3 102
42 350
224 370
174 293
179 273
6 109
59 410
292 473
196 264
264 292
10 21
234 357
18 388
165 398
121 171
108 203
272 305
317 492
383 449
193 205
71 454
282 484
143 450
365 408
26 101
276 443
252 364
36 212
116 235
261 428
43 170
15 446
270 280
223 383
131 185
208 456
194 201
238 343
416 436
133 489
286 424
33 53
253 309
56 323
21 342
171 428
153 289
162 214
183 492
320 425
86 252
399 462
19 92
106 152
320 367
167 353
152 493
226 478
27 29
493 496
144 173
371 443
1 304
266 410
240 329
94 448
424 446
4 252
90 166
87 324
148 395
207 467
126 457
81 289
125 490
30 435
67 474
117 294
174 319
252 292
69 377
181 467
85 274
44 63
105 472
104 309
182 422
16 324
38 249
112 192
249 299
223 227
70 107
56 334
255 386
55 107
10 434
341 464
177 396
33 230
259 318
217 421
98 423
320 326
76 456
278 477
170 280
166 303
73 84
278 308
4 433
267 441
144 180
213 283
106 317
103 485
43 430
232 304
73 297
211 415
4 312
171 494
40 415
97 399
376 377
96 166
154 282
98 106
171 452
85 477
115 354
59 291
97 174
166 339
334 460
89 101
440 475
166 362
79 317
54 345
265 385
149 224
93 291
60 393
248 357
235 401
68 467
95 409
56 110
30 84
219 359
163 272
120 231
7 75
267 328
68 485
182 359
359 479
227 423
159 447
355 385
81 378
341 459
87 129
405 450
402 456
180 201
146 467
100 225
17 260
138 430
297 333
178 260
15 366
17 224
186 301
147 244
229 344
13 442
237 361
173 496
253 379
43 89
328 453
114 205
289 440
86 148
53 351
58 300
34 445
94 447
366 476
385 399
269 382
266 377
265 272
151 293
121 418
38 153
202 319
158 172
16 118
279 488
26 370
145 391
76 249
68 291
127 280
80 385
314 436
7 82
1 137
90 434
167 319
344 422
16 320
118 447
64 345
193 340
90 368
40 45
313 436
376 453
188 404
244 380
233 385
462 465
173 440
24 378
40 327
129 217
7 127
374 458
19 336
126 324
153 467
225 451
268 449
224 286
34 403
123 417
130 363
334 385
67 315
69 247
159 204
46 295
147 360
40 278
68 353
98 395
101 368
335 387
212 408
111 197
151 374
157 172
6 217
195 221
462 470
93 98
101 166
253 429
51 152
282 317
131 207
331 474
156 157
228 414
16 300
27 342
35 268
71 353
117 395
27 497
308 364
349 398
13 20
217 438
341 371
245 484
36 452
17 239
481 496
117 339
250 298
127 455
255 493
51 184
109 405
303 453
204 413
60 456
261 270
73 258
242 312
65 227
344 446
304 321
33 210
9 405
326 462
296 368
452 489
129 182
95 205
242 475
256 337
121 474
204 428
53 394
14 111
97 318
162 247
272 451
32 395
207 329
31 319
29 319
170 211
368 386
319 336
119 486
109 478
299 486
49 166
189 332
76 119
42 267
212 336
169 470
91 439
73 162
279 407
171 261
203 335
15 110
324 487
370 389
179 472
318 404
178 204
38 445
116 210
301 439
277 336
332 472
306 473
85 362
72 442
95 467
185 281
228 248
256 417
232 428
137 361
451 465
241 300
167 324
100 248
41 423
202 464
491 493
43 476
0 393
127 330
199 322
151 296
264 491
312 424
184 383
55 403
35 386
55 436
201 234
124 497
91 440
154 345
231 296
340 438
75 206
297 329
338 468
59 376
312 497
148 393
218 491
365 453
273 333
63 100
156 371
87 440
21 44
192 284
46 93
113 164
272 374
52 498
405 465
195 341
105 309
56 315
187 410
32 499
147 338
249 393
25 386
25 146
148 240
216 355
140 281
151 399
115 440
93 490
162 221
145 319
69 218
6 225
106 307
258 428
73 219
4 272
11 260
139 250
146 487
251 276
316 395
56 152
373 468
97 169
333 368
184 326
231 402
56 443
130 439
241 458
259 444
164 382
132 291
75 417
113 304
64 93
362 420
3 245
4 360
226 359
102 390
217 285
24 355
387 444
243 466
173 179
98 120
120 245
88 417
270 309
212 330
71 405
81 336
417 494
114 229
271 411
217 453
41 492
136 273
55 255
178 376
105 151
94 280
192 459
16 266
267 467
268 317
70 75
125 248
0 321
209 412
392 464
206 499
267 371
201 303
3 47
348 455
107 273
277 317
70 492
214 291
331 403
395 435
217 487
263 331
46 405
52 110
105 360
65 311
177 252
134 240
19 69
151 335
171 462
100 392
168 438
339 427
207 450
63 479
93 175
242 408
315 433
134 305
146 498
63 451
380 470
203 465
170 221
141 277
165 274
148 307
51 404
96 474
101 419
2 37
206 336
20 53
50 298
32 384
19 235
58 325
338 384
144 298
259 319
54 276
118 490
65 397
192 491
146 439
276 375
157 201
417 486
377 417
335 480
190 354
214 467
167 485
239 384
53 288
24 131
2 215
379 389
61 278
31 303
167 283
14 306
364 451
238 323
300 466
40 440
88 360
172 190
107 243
25 35
180 287
143 417
295 469
55 57
135 436
10 352
348 349
12 69
136 464
452 454
136 483
114 362
47 82
236 341
381 494
273 367
18 316
201 333
240 418
62 405
36 208
190 475
206 400
108 149
69 192
289 429
10 474
142 410
184 234
27 288
217 256
233 338
203 256
13 355
200 454
114 137
155 323
265 337
355 451
121 170
50 74
90 290
275 313
207 307
14 410
44 376
155 491
23 228
180 368
251 339
309 371
82 290
43 62
187 373
200 336
142 244
185 417
264 321
303 410
191 199
81 140
174 366
244 374
386 438
207 403
314 377
203 218
403 428
5 91
28 432
184 498
45 464
179 370
55 320
269 472
12 279
59 140
252 408
159 242
241 393
353 412
217 342
154 406
168 270
187 408
61 369
197 245
65 66
382 481
28 361
23 415
431 437
34 220
9 430
75 148
58 253
339 392
142 415
26 135
300 469
163 421
171 267
195 412
346 424
39 162
209 224
253 299
109 274
146 493
288 447
217 363
320 484
203 457
329 425
53 462
399 407
100 134
130 399
7 462
18 405
41 315
21 23
397 412
26 132
202 284
308 480
179 240
235 324
265 493
21 437
261 378
370 420
333 365
377 431
158 223
44 131
136 454
97 356
211 326
28 309
38 281
199 316
129 483
119 245
460 494
136 301
242 260
230 398
292 380
36 129
303 487
59 317
37 422
309 339
303 344
131 487
43 175
443 447
86 161
86 467
42 54
9 436
148 201
49 475
68 192
68 392
71 303
45 248
29 417
14 22
160 420
13 290
293 401
33 92
92 419
19 211
168 296
161 392
32 227
300 358
321 384
26 91
130 270
7 88
85 227
0 356
47 215
22 340
72 492
243 435
141 416
222 339
226 453
162 209
138 373
75 341
290 362
206 293
134 212
144 269
22 491
259 297
159 226
297 309
220 379
190 445
91 424
6 349
17 150
99 346
287 316
244 365
449 462
13 402
104 384
38 318
243 410
372 423
180 263
124 402
102 154
244 407
369 465
399 444
339 499
358 492
28 451
153 161
28 336
265 278
56 461
187 441
57 272
1 209
82 484
96 242
209 402
1 445
296 306
195 359
202 416
341 428
209 318
438 451
30 413
46 496
35 103
232 310
321 390
5 130
79 115
5 363
198 437
316 355
213 252
182 259
75 140
196 329
108 357
140 228
75 442
91 333
275 481
141 280
268 443
28 465
116 236
118 228
0 70
122 333
78 176
156 218
269 279
212 399
287 411
60 469
82 148
109 111
107 317
437 488
380 445
248 304
46 440
185 362
67 240
26 320
123 445
205 236
112 139
38 316
125 143
40 194
6 283
122 198
300 370
1 392
159 309
337 365
114 285
108 183
43 368
286 409
75 289
138 336
214 480
198 286
285 316
381 424
190 279
299 445
202 424
143 472
383 475
329 375
188 415
70 377
6 210
348 391
398 468
52 82
327 454
403 483
114 391
200 232
344 481
202 297
13 449
358 433
275 487
256 303
211 352
276 432
14 347
401 413
87 350
122 305
233 448
139 217
169 271
36 292
152 185
96 399
31 321
228 470
260 328
12 56
140 342
353 493
130 239
79 386
75 408
202 316
54 125
326 381
8 210
150 332
167 209
197 313
34 259
117 367
119 309
77 327
150 268
364 369
154 348
431 444
137 459
170 352
378 429
356 378
276 474
74 412
71 300
97 239
254 476
211 365
45 384
280 281
83 135
102 113
15 29
27 449
4 315
296 347
248 319
62 262
205 426
21 363
324 395
331 361
46 141
124 481
201 398
314 393
228 387
42 409
286 462
189 473
283 358
343 468
26 255
320 385
41 289
319 482
56 121
6 85
47 124
220 376
211 424
133 420
338 356
140 197
261 313
329 432
2 323
93 287
34 273
123 192
254 307
163 240
105 247
175 478
124 306
165 438
184 332
260 405
404 463
1 489
478 490
284 407
82 326
89 322
94 316
46 179
163 397
114 242
215 395
101 117
198 338
48 207
122 448
219 458
68 337
317 416
37 264
25 327
49 338
181 423
54 333
73 472
282 379
20 349
93 483
48 394
7 337
80 139
257 318
151 368
219 389
33 444
0 35
375 422
78 169
243 287
224 280
240 259
61 226
138 192
11 311
98 249
200 218
259 390
5 428
70 282
7 167
23 407
120 340
264 350
138 293
0 197
254 385
184 236
38 491
295 351
326 349
21 150
33 361
122 415
213 261
144 450
275 449
60 229
353 367
200 420
224 355
285 419
251 301
375 390
33 238
91 138
301 496
25 363
177 236
265 301
137 175
145 252
374 387
246 497
240 471
91 136
238 354
199 300
366 450
377 477
71 243
22 75
48 206
295 438
266 436
29 426
72 362
15 325
262 290
128 403
103 191
32 269
173 226
127 386
115 322
166 188
149 227
289 462
0 133
46 253
418 456
389 426
121 408
280 404
134 386
117 302
33 86
7 27
107 333
109 227
369 374
173 388
50 217
67 198
167 386
284 458
210 329
2 83
51 356
236 340
212 347
91 397
192 497
76 386
35 226
22 104
159 263
356 389
369 377
150 165
338 400
102 160
191 288
178 467
117 407
390 426
185 454
365 389
87 310
318 357
231 326
195 340
125 305
231 333
220 446
23 89
26 422
282 422
70 418
229 494
116 471
20 89
155 269
347 454
189 331
88 174
70 255
304 345
269 291
52 276
75 323
202 325
220 383
356 457
15 154
78 237
354 475
126 144
227 491
395 418
195 427
212 282
297 452
160 398
306 465
27 364
144 282
103 382
314 450
93 379
24 182
351 450
336 420
206 281
27 383
47 100
391 458
216 412
202 339
150 254
2 234
230 449
21 207
23 347
448 451
274 489
264 364
74 227
423 463
280 362
80 98
239 462
94 441
135 431
96 449
276 351
196 409
119 342
78 130
295 334
199 394
272 437
49 479
104 262
338 435
284 344
31 474
72 149
186 281
146 181
296 466
84 352
138 199
18 195
109 421
50 370
7 162
219 390
13 249
34 312
357 365
147 347
155 489
280 405
108 359
5 491
116 299
373 405
133 221
224 434
45 101
9 299
3 48
141 256
175 440
22 128
419 438
50 156
83 314
414 458
131 371
31 361
245 253
98 255
304 392
258 407
244 268
241 350
3 420
179 289
62 84
200 480
14 316
225 340
126 270
307 432
284 309
171 423
26 373
445 459
212 226
69 98
31 347
309 460
158 394
25 217
349 472
70 77
25 474
283 413
44 196
52 442
126 169
131 299
441 455
467 486
300 326
37 223
318 410
197 361
166 413
91 254
176 462
218 490
307 309
94 362
6 124
295 483
223 377
308 445
55 454
116 453
432 447
202 268
333 342
181 210
423 452
301 406
62 488
220 314
88 337
141 469
265 476
5 109
15 171
294 436
167 206
181 391
295 359
3 363
54 190
284 353
53 307
228 444
59 200
127 138
15 237
5 339
20 363
101 165
97 348
82 169
159 347
216 280
123 370
117 221
133 357
340 436
15 146
177 473
104 310
17 231
262 368
196 378
200 313
211 444
372 497
145 173
58 120
246 499
192 272
171 373
129 297
128 137
222 413
168 261
105 437
91 497
51 426
175 220
271 359
286 297
27 437
252 437
446 482
3 277
6 191
371 386
422 489
1 498
158 396
113 338
246 425
171 431
142 280
214 442
83 464
188 477
126 345
260 454
154 255
42 298
149 226
195 256
478 495
258 281
161 273
225 305
480 486
37 45
151 488
67 117
86 222
447 454
49 442
131 412
160 400
84 280
329 469
453 490
136 256
44 192
111 178
148 247
46 277
136 360
67 196
112 273
117 250
11 105
6 206
65 220
253 430
339 380
110 395
408 429
229 397
373 378
297 482
336 391
201 372
13 202
31 118
272 331
5 192
126 418
198 369
173 487
171 352
129 198
10 228
419 493
171 426
454 465
176 493
103 234
83 189
214 348
32 332
39 222
36 201
275 314
118 333
31 312
167 404
96 136
198 410
203 327
310 483
134 425
36 143
368 487
193 337
103 114
366 426
267 374
1 431
340 432
442 445
34 409
199 350
216 387
121 436
190 330
250 350
248 275
215 219
246 488
295 439
338 497
152 347
93 372
232 259
399 485
27 493
132 191
98 272
46 432
45 80
242 320
70 443
192 236
191 227
0 194
16 36
407 486
286 340
55 143
50 93
101 186
36 49
308 461
74 293
387 416
11 288
138 480
44 310
82 458
31 259
321 329
118 400
407 422
339 416
195 353
80 317
54 456
209 279
229 233
11 398
13 87
267 311
167 194
83 460
293 410
37 40
93 464
66 86
161 315
253 279
29 220
329 478
234 428
116 177
315 439
291 319
204 208
89 350
121 142
155 278
10 64
64 112
231 253
62 252
38 93
344 357
89 406
52 434
33 208
187 245
182 371
305 370
100 332
356 462
295 367
128 399
42 78
36 234
117 184
43 57
75 125
